                                         
     333333333333333                     
     3             3                     
     3             3                     
     3             3                     
     333321333333333                    
                                         
                                         
                                         
                                         
                                         
                                         